position,true_level,mvr_mean_rank,mvr_std_rank,mvr_layer,z_dev,n_records
中央|党委|党委常委会/政治局 |政治局常委,正国,467.1175,2.245816944899987,12,0.9556635597932011,19
中央|党委|党委常委会/政治局 |政治局委员,副国,463.86125,3.361100777647111,12,1.1573597551501338,35
中央|政协|政协人口资源环境委员会|主任,正部,457.60375,12.922721692333221,12,1.2959311435615282,3
中央|人大|人大常委会|秘书长,副国,457.04,5.908121528878706,12,0.985786650778156,3
中央|人大|人大民族委员会|副主任委员,正部,456.26375,8.973526950842688,12,1.2690479658013,5
中央|人大|人大教育科学文化卫生委员会|主任委员,正部,455.54875,9.614058635014656,12,1.2547035836381923,3
中央|党委|纪律检查委员会|纪委书记,正国,455.3075,6.793779783743357,12,0.30487003860780754,3
中央|人大|人大华侨委员会|副主任委员,正部,455.27,8.554799822321955,12,1.249111280801876,7
中央|人大|人大环境与资源保护委员会|副主任委员,正部,452.7925,10.291109937708375,12,1.199407495054887,14
中央|政协|政协经济委员会|副主任委员,正部,452.705,11.667925051181982,12,1.1976520636712893,7
中央|政府_国务院|政府/国务院（综合）|秘书长,副国,452.68125,10.158107522442352,12,0.8761521602256371,3
中央|党委|政法委|政法委书记,正国,452.39,7.71316407189682,12,0.1441003435986291,3
中央|人大|人大常委会|副委员长,副国,451.6525,6.2782755395092495,12,0.8502762824726339,19
中央|政协|政协港澳台侨委员会|副主任,正部,450.0675,10.229757756173909,12,1.1447383462514364,4
中央|人大|人大内务司法委员会|副主任委员,正部,449.39,11.574234315927765,12,1.1311462918241564,6
中央|政府_国务院|全国社会保障基金理事会|理事长,正部,447.34,12.420925891414049,12,1.0900190422655975,4
中央|政府_国务院|政府/国务院（综合）|副总理,副国,446.85125,7.171061527939914,12,0.729511705985046,11
中央|政协|政协民族和宗教委员会|副主任,正部,446.80625,17.64004566143468,12,1.0793109108256558,4
中央|政协|政协社会和法制委员会|副主任,正部,446.73875,13.985009776095973,12,1.0779567209011667,7
中央|政协|政协常委会|常务委员,正部,445.4925,16.24353544490851,12,1.052954362480507,3
中央|人大|人大农业与农村委员会|副主任委员,正部,445.25625,17.5856642165572,12,1.0482146977447953,9
中央|政协|政协经济委员会|副主任,正部,445.24375,16.437284932053107,12,1.0479639218328518,9
中央|人大|人大常委会|委员,正部,445.1,9.111119579941866,12,1.0450799988455148,21
中央|党委|精神文明建设指导委员会办公室|主任,正部,443.86125,18.19483438884508,12,1.020228105972019,4
中央|政协|政协教科文卫体委员会|副主任,副部,442.49125,17.768509319509615,12,2.1570501750772553,5
中央|政府_国务院|住房和城乡建设(建设)部/厅/局|部长,正部,441.72125,18.248042317944666,12,0.9772952698474751,3
中央|政协|政协文史和学习委员会|副主任委员,正部,441.6975,19.542799025472274,12,0.9768187956147844,3
中央|政协|政协人口资源环境委员会|副主任,正部,441.535,22.014569607421368,12,0.9735587087595334,10
中央|政协|政协提案委员会|副主任,正部,441.05125,17.49710328704439,12,0.9638536809673605,6
中央|政府_国务院|政府/国务院（综合）|国务委员,副国,439.755,5.630939086866424,12,0.551021599054549,10
中央|政府_国务院|人民银行|委员,副部,436.225,21.883255585035773,12,2.0770451584095357,3
中央|人大|人大法律委员会|副主任委员,正部,436.0525,24.16241386430586,12,0.8635683937815827,4
中央|党委|中共中央书记处|书记,副国,435.745,5.881961832586134,12,0.45015912538306163,15
中央|政协|政协民族和宗教委员会|副主任委员,正部,431.9475,19.83468537058249,12,0.7812135842996879,3
中央|政协|政协常委会|副主席,副国,431.45125,6.270177305108676,12,0.3421595627080121,23
中央|党委|统战部（党委）|副部长,副部,429.9475,20.004243143643293,11,1.996896506164315,7
中央|人大|人大教育科学文化卫生委员会|副主任委员,正部,429.60625,10.869278308034064,11,0.7342432559928704,5
中央|人大|人大财政经济委员会|副主任委员,正部,428.225,10.450807385077967,11,0.7065325177232324,12
中央|政协|政协提案委员会|副主任委员,正部,427.6625,28.41339637829311,11,0.6952476016858231,4
中央|党委|统战部（党委）|部长,副国,425.63125,7.712831739218734,11,0.195770635833185,5
中央|人大|人大财政经济委员会|副主任,正部,424.82125,19.766304622703245,11,0.6382462369013083,3
中央|政府_国务院|公安部/厅/局|部长,副国,424.31875,9.616633945279395,11,0.16275766907661957,4
中央|学校|中央党校|校长,正国,424.285,25.606176500992884,11,-1.4046339419996314,4
省级|党委|党委常委会/政治局 |市委书记,副国,423.18125,14.379965175114256,11,0.1341464312209284,13
中央|党委|组织部 （党委）|部长,副国,423.01625,20.33871888633845,11,0.12999622968581823,3
中央|党委|政法委|政法委副书记,副国,422.97875,15.84884217971457,11,0.12905300206420148,4
省级|人大|人大常委会|副主任委员,副部,421.8175,13.54526462458374,11,1.8930958621573628,3
中央|人大|人大常委会|常委,副部,420.02,25.39526727561653,11,1.8701460887745216,6
中央|政府_国务院|财政部/厅/局|部长,正部,417.25625,17.692387796380096,11,0.486476654993749,3
省级|政协|政协常委会|政协主席,正部,416.92375,15.337305367550728,11,0.4798060157360795,3
中央|行业协会_人民团体|总工会|主席,副国,416.81875,22.65327566683237,11,-0.02588785524661147,3
中央|党委|直属机关工作委员会|书记,副国,413.7925,12.504976759274689,11,-0.1020063243110353,4
中央|政府_国务院|国有资产监督管理委员会|主任,正部,412.81375,17.353214714786994,11,0.397350895889409,5
省级|人大|人大常委会|常务副主任,副部,412.14375,33.248204251320026,11,1.7695852250156343,10
中央|政府_国务院|外交部|部长,正部,410.3875,17.22555786469631,11,0.34867529138138226,3
中央|党委|宣传部（党委）|部长,副国,409.66375,12.235836135610008,11,-0.20585568545097463,3
省级|人大|人大常委会|主任,正部,409.65875,10.826693790696215,11,0.3340550557151387,41
省级|政府_国务院|政府/国务院（综合）|市长,正部,408.86125,12.64187479915459,11,0.3180555525332113,11
中央|学校|北京大学|院长,副国,406.99875,17.501964130848283,11,-0.27288772842716325,3
中央|政府_国务院|民族事务委员会|主任,正部,406.8825,17.60067310502641,11,0.2783577256727246,3
中央|政府_国务院|体育局|副局长,副部,406.82375,21.1543774651371,11,1.7016615563665587,3
中央|政府_国务院|监察部/厅/局|部长,正部,405.93625,27.087952782325587,11,0.25937398913868215,4
中央|政协|政协社会和法制委员会|主任,正部,405.60875,15.068781418465782,11,0.2528036602457907,3
中央|政府_国务院|全国“扫黄打非”工作小组|副组长,正部,405.3875,14.860008201545527,11,0.24836492660440973,3
中央|党委|党委办公厅 /室|主任,副国,404.98875,13.322297978858613,11,-0.3234447289457889,3
中央|政府_国务院|交通部/厅/局|部长,正部,404.74875,27.718867643493326,11,0.23555027750415117,3
中央|政府_国务院|新华通讯社|社长,正部,403.5275,20.799681337703216,11,0.21104947090737566,3
省级|人大|人大常委会|副书记,副部,403.41,27.754898666721864,11,1.6580761383494944,5
中央|政协|政协常委会|常委,正部,401.7475,15.93278832314041,11,0.175338981046774,10
省级|行业协会_人民团体|科学技术协会|主席,副部,401.63125,24.080859067680688,11,1.635365757595821,4
中央|人大|人大民族委员会|委员,副部,401.04375,37.560708671928666,11,1.6278647885485775,4
中央|政府_国务院|商务部/厅/局|部长,正部,400.18625,25.32413001343778,11,0.14401706964516373,3
中央|学校|中央党校|常务副校长,正部,397.9375,20.248483739529732,11,0.09890248308672088,3
中央|政协|政协常委会|委员,正部,394.99,19.978923894944888,10,0.03976952305069575,8
中央|政府_国务院|工业和信息化（信息产业）部/厅/局|部长,正部,394.75125,24.935002976488697,10,0.03497970313259568,4
省级|政协|政协常委会|常务副主席,副部,393.48375,15.473032538500648,10,1.531341680468312,5
省级|党委|党委常委会/政治局 |省委书记,正部,391.61625,9.362237229289804,10,-0.027914895582567063,28
中央|党委|机构编制委员会|委员,副国,391.13125,29.860953156882005,10,-0.6719987760536777,3
省级|其他|不详|待职,副部,388.86625,24.682906249821954,10,1.4723872556587054,4
中央|政府_国务院|发展改革/计划委员会|主任,正部,388.345,17.309202032445047,10,-0.09354295173790038,4
中央|政府_国务院|民政部/厅/局|副部长,副部,387.46125,27.725908433043266,10,1.4544487679797675,3
省级|政协|政协常委会|主席,正部,385.21,8.284829509410555,10,-0.15643755045306312,86
中央|行业协会_人民团体|作家协会|副主席,副部,385.13875,21.323390875690947,10,1.4247960009802416,3
省级|行业协会_人民团体|总工会|主席,副部,383.88125,11.877590178041194,10,1.4087407353174197,61
中央|政府_国务院|质量监督检验检疫局|局长,正部,383.23875,20.2310219326039,10,-0.1959849117663845,3
中央|政府_国务院|中国银行业监督管理委员会|主席,正部,382.2325,25.591472090327287,10,-0.21617237267774955,3
省级|政府_国务院|政府/国务院（综合）|特邀咨询,副部,381.545,17.89386696608646,10,1.378912413723171,5
省级|党委|党委常委会/政治局 |书记,正部,381.14,12.022183661881048,10,-0.23809018738151863,71
中央|党委|纪律检查委员会|委员,副部,380.8425,19.503402107068407,10,1.3699431698837012,5
中央|政府_国务院|商务部/厅/局|副部长,副部,380.835,28.35533944427402,10,1.3698474128320344,4
中央|政府_国务院|发展改革/计划委员会|副主任,副部,379.5375,15.132616883738242,10,1.3532814428936562,16
中央|政府_国务院|供销合作社|党组书记,正部,379.42375,18.904541410399247,10,-0.2725217200912145,3
中央|党委|直属机关工作委员会|副书记,正部,379.12125,20.350775131122152,10,-0.2785904971602215,5
中央|党委|纪律检查委员会|纪委副书记,正部,378.965,22.373003262861243,10,-0.2817251960595019,9
中央|人大|人大常委会|副秘书长,正部,377.6,15.000666651852498,10,-0.30910992564361445,3
省级|党委|宣传部（党委）|宣传部长,副部,376.79875,24.35052870960917,10,1.318314159526615,4
省级|人大|人大常委会|党组书记,副部,370.93625,12.82944604951827,10,1.2434640641402979,12
中央|政府_国务院|文化部/厅/局|部长,正部,370.275,39.772815779122325,10,-0.45606461004188015,3
中央|政府_国务院|海关|署长,正部,368.88,25.33452387553396,10,-0.4840512018146551,3
中央|政府_国务院|人力资源和社会保障部/厅/局|副部长,副部,367.9125,26.67278282725668,10,1.2048580128099144,3
省级|人大|人大常委会|副主任,副部,366.97125,10.295772114683755,10,1.1928405028257145,322
中央|行业协会_人民团体|科学技术协会|副主席,副部,366.5975,28.669548195777352,10,1.1880686097509794,4
中央|政府_国务院|国家电力监管委员会|主席,正部,365.7125,11.67935545096561,10,-0.5475978179008676,4
中央|政府_国务院|农业部/厅/局|部长,正部,364.69875,11.44161258029217,10,-0.567935744359398,3
中央|学校|北京市委党校|校长,副部,364.6225,17.739221903736368,10,1.1628525861453543,6
中央|政府_国务院|国土资源部/厅/局|部长,正部,363.49375,10.997156947934322,10,-0.5921105422706492,4
中央|党委|纪律检查委员会|组长,副部,361.37375,24.77421161081618,9,1.121373823264962,17
省级|政协|政协常委会|党组书记,正部,360.8625,15.83685870840554,9,-0.6448988717345302,7
中央|政府_国务院|国家税务局|局长,正部,360.63875,27.768520818320514,9,-0.6493877605582997,3
中央|政府_国务院|质量监督检验检疫局|副局长,副部,360.15125,40.160999407852145,9,1.1057654238432528,3
中央|党委|防范和处理邪教问题领导小组（610）办公室|主任,副部,358.8225,26.057407655981454,9,1.088800466189595,3
中央|学校|国家行政学院|副院长,副部,358.00875,24.453960281261185,9,1.0784108260837333,3
省级|政府_国务院|政府/国务院（综合）|主席,正部,357.255,16.46511387752906,9,-0.7172727999211163,15
中央|中央企业|中国石油天然气集团公司|总经理,正部,356.29625,36.2290420234582,9,-0.7365073123671009,3
中央|党委|对外宣传办公室/政府新闻办/网宣办)|主任,正部,355.325,37.01711597356011,9,-0.7559926007250278,4
中央|党委|财经领导小组办公室|副秘书长,正部,354.79625,23.169208789630684,9,-0.7666004218001927,3
中央|政府_国务院|安全生产监督管理局（煤矿安全检察局）|副局长,副部,354.14875,22.320710639168716,9,1.0291278634924865,4
中央|政府_国务院|安全生产监督管理局（煤矿安全检察局）|局长,正部,352.76,26.89033097602185,9,-0.8074518178556147,7
中央|学校|辽宁省委党校|校长,副部,352.33125,13.237598854682824,9,1.0059227379718672,4
中央|政府_国务院|工商行政管理局|局长,正部,351.03125,28.681052516208325,9,-0.8421341264772527,3
中央|政府_国务院|卫生部/厅/局|副部长,副部,350.27125,30.62054332368221,9,0.9796214677806837,3
中央|政府_国务院|广播电影电视部 /厅/局|局长,正部,349.57875,26.542820092023007,9,-0.8712742874449629,5
省级|政协|政协常委会|副主席,副部,349.475,11.718014976948965,9,0.9694552607953781,255
省级|政府_国务院|政府/国务院（综合）|省长,正部,349.4625,5.3064671628118045,9,-0.8736065034260283,87
省级|行业协会_人民团体|社会科学界联合会|主席,副部,349.05375,24.906793469603837,9,0.9640769063934184,4
中央|党委|国家机关工作委员会|书记,副国,348.4,26.507215998667238,9,-1.7468066508852877,3
中央|政府_国务院|新闻出版署/版权局|副署长,副部,347.02625,27.58542297912975,9,0.9381905834261253,3
省级|人大|人大办公厅|主任,副部,346.30875,19.187910866936505,9,0.9290298254833219,3
中央|行业协会_人民团体|文学艺术界联合会|副主席,副部,345.10625,19.036477114673854,9,0.913676778199391,4
中央|政府_国务院|政府/国务院（综合）|副秘书长,正部,339.5575,27.759173146007058,9,-1.0723213360492103,10
中央|党委|社会治安综合治理委员会|副主任,正部,338.62875,21.700194087553683,9,-1.0909539863065325,3
中央|学校|甘肃省委党校|校长,副部,337.88625,6.8920832073836795,9,0.82149465646136,3
中央|政府_国务院|铁道部/厅/局|部长,正部,337.61625,31.45232878401056,9,-1.1112668351738704,4
中央|政府_国务院|工业和信息化（信息产业）部/厅/局|党组成员,副部,335.90375,17.980530746824456,9,0.796182875804068,4
省级|政府_国务院|政府/国务院（综合）|党组副书记,副部,333.98875,20.070653288757203,9,0.7717329086117782,4
省级|人大|人大常委会|党组副书记,副部,333.35,20.994523095321778,9,0.7635775997114785,11
中央|学校|云南省委党校|校长,副部,332.63875,9.875892285636773,9,0.7544966393117313,4
中央|中央企业|中国石油化工集团公司|董事长,正部,331.5,9.903787154417243,9,-1.2339714888873017,3
中央|党委|党史研究室|主任,正部,330.44375,20.50790910691529,9,-1.2551620534464367,3
省级|党委|党委常委会/政治局 |省委副书记,副部,329.49625,7.170075727459225,9,0.7143744346632871,30
副省级市|政协|政协常委会|主席,副部,328.71,17.641454021706934,9,0.7043359037468706,11
中央|政府_国务院|国务院振兴东北地区等老工业基地领导小组|成员,副部,327.86,24.173133847310737,9,0.6934834378912856,3
省级|政协|政协常委会|党组副书记,副部,327.63875,18.43612617763018,9,0.6906586048671113,11
中央|政府_国务院|劳动和社会保障部/厅/局|副部长,副部,327.4825,14.902003011340467,9,0.6886636662907168,5
省级|行业协会_人民团体|对外友好协会|会长,副部,327.20125,21.64903573920786,9,0.685072776853207,3
省级|党委|社会治安综合治理委员会|主任,副部,326.365,17.019526286004545,9,0.6743958655923442,3
中央|学校|重庆市委党校|校长,副部,326.2275,15.456818681410484,9,0.6726403196451173,3
中央|党委|政法委|副秘书长,副部,325.0325,17.210794396250265,9,0.6573830294128532,4
中央|行业协会_人民团体|总工会|副主席,副部,322.78125,10.111671396831486,8,0.6286399544041626,14
中央|党委|机构编制委员会|主任,副部,318.32125,20.09055868903351,8,0.5716964276795619,4
省级|党委|纪律检查委员会|纪委书记,副部,318.22375,9.721043459294885,8,0.5704515860078915,93
中央|政府_国务院|海关|副署长,副部,315.20375,17.374326920416234,8,0.5318934132033412,6
省级|党委|党委常委会/政治局 |党委副书记,副部,314.745,14.564939924352588,8,0.5260362735430472,4
副省级市|人大|人大常委会|主任,副部,313.7925,32.10217194754899,8,0.5138751279813473,20
地级市|党委|党委常委会/政治局 |书记（副部级）,副部,313.0925,34.96457412510556,8,0.5049378031590999,5
省级|政协|政协常委会|党组成员,副部,312.64875,15.33282013973618,8,0.49927217760214027,9
省级|政协|政协常委会|常委,副部,310.31125,38.059320454226494,8,0.46942789649927996,3
中央|学校|浙江省委党校|校长,副部,309.30375,13.213117949125396,8,0.4565645325586891,3
中央|政府_国务院|外交部|副部长,副部,309.23875,26.391651112378327,8,0.4557346381109091,8
中央|政府_国务院|国有资产监督管理委员会|副主任,副部,308.67,10.042091415636483,8,0.448473061692834,7
中央|党委|组织部 （党委）|部务委员,副部,307.67625,24.3516721384282,8,0.43578525234696536,3
省级|党委|党委常委会/政治局 |常务副书记,副部,306.4425,17.34731085067655,8,0.4200332173477555,6
省级|政协|政协常委会|政协副主席,副部,306.3,30.36840463376363,8,0.4182138333660841,6
中央|学校|福建省委党校|校长,副部,305.02,24.730944179307045,8,0.401871296548261,3
中央|党委|宣传部（党委）|副部长,副部,304.405,14.016721264261479,8,0.3940192183115726,23
中央|政府_国务院|国土资源部/厅/局|副部长,副部,304.2725,28.53065445709227,8,0.3923275103987902,3
省级|法院_检察院|人民法院|院长,副部,304.24125,12.460860661988809,8,0.39192852268351136,15
省级|政府_国务院|政府/国务院（综合）|常务副省长,副部,303.06125,10.028957993605324,8,0.37686274655458096,50
省级|行业协会_人民团体|红十字会会|会长,副部,299.48625,29.476173614251554,8,0.33121855192667776,4
省级|政府_国务院|政府/国务院（综合）|常务副市长,副部,298.83125,22.338369981659387,8,0.3228557694144329,9
省级|地方企业|社科联|主席,副部,297.64,15.283337331878775,8,0.30764635770800186,9
中央|行业协会_人民团体|妇女联合会|副主席,副部,295.67875,16.77186776830476,8,0.28260588869709957,5
省级|行业协会_人民团体|残疾人联合会|主席,副部,295.6325,15.323509511531608,8,0.282015386878487,6
省级|政府_国务院|公安部/厅/局|党委书记,副部,294.6775,29.285337521531126,8,0.26982232229956477,8
省级|党委|政法委|政法委书记,副部,293.96375,5.717511341265538,8,0.26070944288259523,124
中央|党委|组织部 （党委）|副部长,副部,293.7775,16.93437314310748,8,0.2583314760995327,13
中央|学校|广东省委党校|校长,副部,293.41625,21.260949789167494,8,0.25371917811090916,3
省级|政协|政协常委会|书记,正部,292.41,13.861255354404243,8,-2.0181979207136727,3
中央|学校|西藏自治区委党校|校长,副部,291.72125,28.88253881564948,8,0.23207808443418304,3
省级|政府_国务院|政府/国务院（综合）|常务副主席,副部,290.8975,13.02697177973454,8,0.22156076825943166,18
省级|政府_国务院|国有资产监督管理委员会|党委书记,副部,290.70875,25.076162454360915,8,0.21915088245914763,5
中央|行业协会_人民团体|总工会|书记,副部,289.835,25.430449760080933,8,0.2079951859399499,4
中央|学校|青海省委党校|校长,副部,289.46375,15.284998722194894,8,0.20325521188243717,3
中央|政府_国务院|外交部|特命全权大使,副部,288.34875,22.276773182790627,8,0.1890193302012868,3
中央|政府_国务院|中国银行业监督管理委员会|副主席,副部,285.13875,15.374800760904192,7,0.14803531208784101,4
中央|学校|科学院|院长,副国,284.85,30.008290521120976,7,-3.3452630603174645,4
中央|党委|人民日报社|社长,正部,283.8775,15.468839444185852,7,-2.189377558205577,3
省级|党委|统战部（党委）|部长,副部,283.2825,7.435569497355265,7,0.12433544180027596,94
省级|人大|人大常委会|党组成员,副部,283.06,17.052313626015685,7,0.12149464926749005,10
地级市|党委|经济技术开发区管委会|党工委书记,副部,282.9725,8.843881712800098,7,0.12037748366470949,3
省级|人大|人大常委会|秘书长,正厅,282.705,11.799596391402542,7,2.716920117619746,21
中央|政府_国务院|公安部/厅/局|副部长,副部,281.6675,18.151086572158714,7,0.10371575667466358,7
副省级市|党委|党委常委会/政治局 |市委书记,副部,279.7375,11.942930701883851,7,0.07907427537904016,18
省级|政府_国务院|公安部/厅/局|书记,副部,279.4,20.36976926722537,7,0.07476520805402787,4
省级|党委|组织部 （党委）|组织部长,副部,279.04,14.54625037595599,7,0.07016886957401577,7
省级|党委|政法委|副书记,副部,277.5775,18.346838794462666,7,0.051496244498963985,11
中央|政府_国务院|教育部/厅/局|副部长,副部,273.32375,24.679575278709724,7,-0.002813963304796099,5
中央|政府_国务院|工业和信息化（信息产业）部/厅/局|副部长,副部,272.40125,19.287891238740954,7,-0.01459208065982867,11
中央|政府_国务院|住房和城乡建设(建设)部/厅/局|副部长,副部,272.105,21.07590982614987,7,-0.018374484200672232,3
省级|党委|党委常委会/政治局 |副书记,副部,272.0675,5.0727649019050824,7,-0.01885326945900717,216
中央|政府_国务院|中国证券监督管理委员会|主席,正部,269.86875,38.604617903011395,7,-2.47042212271946,3
中央|中央企业|上海宝钢集团公司|董事长,副部,268.50375,45.94387865578505,7,-0.06435382850940972,4
省级|军队|武装警察部队|第一政委,副部,267.49,13.638911246870116,7,-0.07729698999305663,3
省级|法院_检察院|人民法院|党组书记,正厅,267.20125,13.862295929516886,7,2.4580623944207654,7
中央|政府_国务院|新华通讯社|副社长,副部,266.4,11.207698247187082,7,-0.09121368150198421,7
省级|政府_国务院|政府/国务院（综合）|常务副省长（常委）,副部,264.59875,13.447964471900558,7,-0.11421133341065834,3
中央|党委|对外宣传办公室/政府新闻办/网宣办)|副主任,副部,264.3325,18.057046927723263,7,-0.11761070874483454,3
省级|党委|组织部 （党委）|部长,副部,264.225,3.3947569868843295,7,-0.11898322648539333,108
中央|学校|同济大学|学员,副部,264.1775,37.126250736507174,7,-0.1195896878126174,3
省级|政府_国务院|国有资产监督管理委员会|书记,副部,261.385,15.491506543909816,7,-0.15524323004993792,10
中央|政府_国务院|人事部/厅/局|副部长,副部,259.49125,37.79103628425,7,-0.1794218855958379,6
省级|政协|政协常委会|副书记,副部,258.95125,18.2156216868242,7,-0.1863163933158564,7
中央|共青团|青年联合会|主席,副部,257.07625,22.5701780218389,7,-0.2102556562325889,4
省级|党委|党委常委会/政治局 |市委常委,副部,256.84875,4.9460462429601355,7,-0.21316028679981938,7
省级|党委|农村工作领导小组（党委）|副组长,副部,256.56875,4.753711543362731,7,-0.21673521672871776,3
中央|政府_国务院|国务院三峡工程建设委员会|委员,副部,256.385,36.87532067657173,7,-0.21908126449455795,3
省级|党委|直属机关工作委员会|书记,副部,255.1625,4.616123238172912,7,-0.2346896639162675,33
省级|党委|政法委|政法委副书记,副部,254.65625,4.628507960185442,7,-0.24115326490378522,21
中央|政府_国务院|国家公务员局|副局长,副部,252.295,12.823044685253196,6,-0.2713007766702572,4
中央|政府_国务院|监察部/厅/局|副部长,副部,250.79125,36.08670355459888,6,-0.2905000655294766,4
省级|党委|党委常委会/政治局 |常委,副部,249.24125,3.6459633072070323,6,-0.3102898562073086,432
省级|党委|直属机关工作委员会|副书记,正厅,246.9775,30.882713510149983,6,2.1203973856618914,3
中央|学校|四川省委党校|院长,副部,244.985,14.991323323843043,6,-0.3646319830282913,4
中央|党委|人民日报社|总编辑,正部,244.23375,4.982630925274328,6,-2.984713362930998,5
省级|政府_国务院|政府/国务院（综合）|副省长（常委）,副部,243.9775,34.31431179187484,6,-0.37749534696888254,3
省级|党委|党委常委会/政治局 |省委常委,副部,243.36,6.050033057760926,6,-0.38537934422279285,72
省级|人大|人大常委会|副秘书长,正厅,243.2275,18.594777324560784,6,2.0577856651429083,4
省级|党委|财经领导小组办公室|主任,副部,241.675,22.81670166785728,6,-0.40689276183062983,3
中央|政府_国务院|政府/国务院办公厅|副秘书长,正部,241.09875,16.327017438512755,6,-3.0476079616461593,7
省级|行业协会_人民团体|总工会|常务副主席,正厅,240.94125,19.86014346467567,6,2.0196133861998353,3
省级|党委|宣传部（党委）|部长,副部,239.50625,5.221107252058697,6,-0.43458250927098396,106
副省级市|党委|党委常委会/政治局 |书记,副部,239.3325,6.637352164078688,6,-0.4368008809679343,61
中央|党委|纪律检查委员会|常委,副部,239.195,36.05248916510482,6,-0.43855642691516156,6
省级|政府_国务院|政府/国务院（综合）|副主席,副部,236.25875,6.0536599208660675,6,-0.47604531264276473,101
中央|政府_国务院|工商行政管理局|副局长,副部,235.08875,27.24171201370245,6,-0.49098341270280565,8
省级|党委|党委办公厅 /室|办公厅主任,副部,231.54625,8.000647532387603,6,-0.5362126601068191,4
省级|党委|企业工作委员会|书记,副部,230.68375,6.5152694447351935,6,-0.5472247210485159,9
省级|政府_国务院|政府/国务院（综合）|政府副主席,副部,230.27,9.597895602682904,6,-0.5525073183988081,3
中央|政府_国务院|广播电影电视部 /厅/局|副局长,副部,230.08,7.330320593261932,6,-0.5549331637077036,3
省级|政府_国务院|公安部/厅/局|厅长,副部,229.9025,7.489024886458872,6,-0.5571994139304878,50
省级|党委|教育工作委员会|书记,副部,228.02,8.2966619793746,6,-0.5812344338988872,17
省级|党委|统战部（党委）|统战部部长,副部,227.5675,20.91967838543412,6,-0.5870117760161254,6
中央|学校|中央党校|副校长,副部,226.795,30.412012018279885,6,-0.5968747523378193,5
省级|党委|组织部 （党委）|省委常委,副部,226.2075,18.465019462486367,6,-0.6043757213850619,3
省级|政协|政协常委会|秘书长,正厅,225.83125,20.638926169679987,6,1.767329893655348,6
中央|中央企业|上海宝钢集团公司|党委常委,副部,224.33,25.36170538429938,6,-0.6283469033190167,3
中央|党委|组织部 （党委）|局长,正厅,222.6975,27.08502342162548,6,1.7150073658749845,13
省级|政府_国务院|政府/国务院（综合）|常委副省长,副部,222.67,14.415567973548605,6,-0.6495411307546308,12
省级|政府_国务院|政府/国务院（综合）|副省长,副部,220.49,5.086491914866291,6,-0.6773745137724849,377
省级|党委|党委常委会/政治局 |秘书长,副部,216.86625,4.518944670772129,5,-0.7236411292362233,136
省级|党委|直属机关工作委员会|第一书记,副部,213.60375,36.88298030172591,5,-0.7652954467113381,3
中央|政府_国务院|工业和信息化（信息产业）部/厅/局|局长,副部,212.60875,15.306148223426426,5,-0.7779992155658175,3
中央|学校|上海市委党校|校长,副部,211.655,21.59012447856657,5,-0.7901763206361286,3
省级|政府_国务院|政府/国务院（综合）|党组成员,副部,211.36375,7.019717653688088,5,-0.7938948861425276,21
省级|政府_国务院|政府/国务院（综合）|秘书长,正厅,211.09625,5.435713930800627,5,1.5213075731627583,58
中央|政府_国务院|人民银行|副行长,副部,210.9975,21.16022196835373,5,-0.7985710221655962,4
中央|政府_国务院|中央文化体制改革工作领导小组|成员,副部,210.11625,28.794665060345825,5,-0.8098224757364604,3
省级|军队|济南军区|政委,副部,209.90125,26.687337792247085,5,-0.8125675112175791,4
省级|政府_国务院|国有资产监督管理委员会|主任,正厅,209.5075,28.535634630230348,5,1.494781074236216,19
中央|共青团|共青团委|常务书记,副部,208.50125,14.240961991294697,5,-0.8304421608620727,5
中央|政府_国务院|国务院/政府扶贫开发(领导小组)办公室|副组长,副部,208.16125,34.381648425250056,5,-0.8347831472043069,3
省级|政府_国务院|政府/国务院（综合）|副市长,副部,206.52875,6.961441907931148,5,-0.8556262654504753,64
中央|中央企业|中国石油天然气集团公司|副总经理,副部,204.95375,33.854750197535076,5,-0.8757352463005305,3
省级|党委|党委办公厅 /室|主任,副部,204.89,6.8657046251641205,5,-0.8765491812396997,44
中央|学校|厦门大学|学员,正厅,204.01875,34.567266285280546,5,1.403138385969932,3
中央|党委|金融工作办公室/委员会|副书记,副部,203.54125,25.499280351364806,5,-0.8937694910311359,3
副省级市|政府_国务院|政府/国务院（综合）|市长,副部,203.27125,10.207726163916245,5,-0.8972167448911451,61
省级|党委|组织部 （党委）|常务副部长,正厅,199.51,11.857377450347112,5,1.327858227332608,14
中央|政府_国务院|财政部/厅/局|副部长,副部,196.76875,19.437149313556784,5,-0.9802381086863735,4
中央|政府_国务院|农业部/厅/局|副部长,副部,196.32875,44.19856528709387,5,-0.9858558557175,4
地级市|党委|党委常委会/政治局 |地委书记,正厅,196.1,18.135117865621897,5,1.2709233028073466,8
省级|政府_国务院|政府/国务院办公厅|主任,正厅,195.3625,7.149901660162871,5,1.2586096644386136,21
地级市|军队|省级军区|党委第一书记,正厅,194.915,14.629773579929386,5,1.251137999123348,4
省级|党委|直属机关工作委员会|第一副书记,正厅,194.46125,10.987310791886234,5,1.2435619809405514,3
省级|党委|党委常委会/政治局 |党委常委,副部,192.3725,14.893832406402314,5,-1.0363677004718057,7
中央|政府_国务院|政府/国务院研究室|副主任,副部,191.79875,40.39236621488647,5,-1.0436931149243258,3
省级|党委|统战部（党委）|统战部长,副部,191.08875,32.204399908048295,5,-1.052758115815462,3
中央|学校|广西师范大学|学员,正厅,190.34,18.239912280490827,5,1.1747517000901893,3
省级|法院_检察院|人民检察院|检察长,副部,190.19375,15.176172473239085,5,-1.064185123981049,10
省级|政府_国务院|政府/国务院（综合）|省长助理,正厅,189.97375,11.492086883482038,5,1.168636622052835,33
中央|学校|武汉大学|学员,副厅,189.76125,15.761876425016792,5,4.049093673481219,6
省级|党委|机构编制委员会|主任,正厅,188.63875,13.07041500632248,5,1.146346849548077,10
中央|学校|西安交通大学|学员,正厅,187.54875,8.36645823736066,5,1.1281477094505599,5
地级市|人大|人大常委会|主任,正厅,186.28375,11.79218961590679,5,1.107026689062156,51
省级|军队|新疆生产建设兵团|党委第一书记,正厅,186.2425,26.515489694704883,5,1.1063379601364476,5
省级|政府_国务院|交通部/厅/局|厅长,正厅,184.405,14.23730926123331,5,1.0756582170821458,7
省级|军队|新疆生产建设兵团|第一书记,正厅,184.05,15.628659571441192,5,1.069730974206349,14
副省级市|党委|党委常委会/政治局 |市委副书记,副部,183.205,18.151114979526728,4,-1.1534147366260163,4
省级|政府_国务院|农业委员会|主任,正厅,182.67,12.527513719808894,4,1.046689861055363,3
省级|政府_国务院|发展改革/计划委员会|主任,正厅,181.4925,8.618726341519375,4,1.0270297808124027,32
省级|政府_国务院|公安部/厅/局|局长,副部,178.4925,17.527976031190825,4,-1.2135820840900708,8
省级|政府_国务院|政府/国务院办公厅|党组书记,正厅,178.41875,12.284070922845558,4,0.9757090405603429,14
省级|党委|党委常委会/政治局 |委员,正厅,178.34375,19.72030897165407,4,0.9744568061499634,4
省级|政府_国务院|国土资源部/厅/局|厅长,正厅,178.1925,24.229123874998045,4,0.9719314667556977,4
省级|军队|南京军区|政委,副部,177.32375,21.363261360042856,4,-1.228504224641501,3
中央|学校|中国井冈山干部学院|学员,正厅,176.7925,25.45602961480835,4,0.9485564244286108,5
中央|政府_国务院|工商行政管理局|司长,正厅,173.81375,29.82958365343876,4,0.8988218477630323,3
省级|政府_国务院|发展改革/计划委员会|党组书记,正厅,172.935,8.140225733970764,4,0.8841498345880842,8
省级|政府_国务院|民族事务委员会|党组书记,正厅,172.43375,19.104727449966433,4,0.8757807346120468,5
省级|政府_国务院|人事部/厅/局|厅长,正厅,171.52125,9.420432497369758,4,0.8605452159524277,13
省级|党委|宣传部（党委）|部长（副部级）,副部,170.96,28.79393859825362,4,-1.309754082980891,4
省级|军队|兰州军区|司令员,副部,170.685,19.594087756259533,4,-1.3132651748753452,4
省级|政府_国务院|西部开发领导小组办公室|主任,正厅,168.8925,35.864584812179295,4,0.816654399868621,5
省级|政府_国务院|政府/国务院（综合）|主席助理,正厅,168.50125,11.352532688237469,4,0.8101219103611402,8
中央|学校|中国人民大学|学员,正厅,164.70875,18.03056913792519,4,0.7468005903429425,12
省级|党委|党委常委会/政治局 |市委副书记,副部,163.9475,55.38537481817742,4,-1.3992869262894707,4
地级市|党委|党委常委会/政治局 |市委书记,正厅,163.81875,7.150762087882681,4,0.731940742006437,231
中央|政府_国务院|国家审计署/地方审计厅/局|副审计长,副部,163.61625,20.88561672389637,4,-1.4035161960714266,3
省级|军队|警备区|政委,副部,162.0625,13.088204374550392,4,-1.4233538652750923,3
地级市|党委|经济技术开发区管委会|主任,副部,159.9625,17.451177431623318,4,-1.4501658397418327,7
省级|军队|兰州军区|政委,副部,159.94875,30.408199937475757,4,-1.4503413943365557,5
地级市|党委|党委常委会/政治局 |书记,正厅,159.86,3.4807183166697064,4,0.665843635711898,629
地级市|党委|党委常委会/政治局 |区委书记,正厅,159.66625,20.752225445419086,4,0.6626086968184168,9
省级|军队|省级军区|司令员,副部,155.095,24.913519923928888,4,-1.5123121662736705,10
中央|学校|中欧国际工商学院|学员,正厅,154.3075,18.874995198674878,4,0.5731365481967907,4
中央|中央企业|中国航天科技集团公司|总经理,副部,152.055,42.65269012618081,4,-1.5511256912159992,3
中央|学校|哈佛大学|学员,正厅,151.63375,6.570548754670334,4,0.5284943914667558,23
地级市|政协|政协常委会|主席,正厅,151.575,6.722304292428299,4,0.5275134745119584,5
地级市|党委|党委常委会/政治局 |州委书记,正厅,151.0225,9.654117968514786,4,0.518288681022162,8
省级|军队|济南军区|副政委,副部,150.8575,14.327497818879609,4,-1.566414900465486,3
省级|军队|警备区|司令员,副部,145.72375,30.647388729506808,3,-1.6319606023314996,3
中央|学校|清华大学|学员,副部,143.23125,8.044580376719471,3,-1.6637838625021426,15
中央|党委|宣传部（党委）|副秘书长,正厅,142.8375,46.136819285143666,3,0.38162816570272895,4
地级市|政府_国务院|政府/国务院（综合）|专员,正厅,141.86,6.079095327431536,3,0.36530737722078094,16
中央|学校|中国延安干部学院|学员,正厅,141.54375,8.135759702541607,3,0.36002712212367965,4
副省级市|党委|政法委|政法委书记,正厅,140.015,21.711857935238964,3,0.334502410725441,4
中央|学校|长江商学院|学员,副部,138.9875,10.445565745808109,3,-1.7179663942370136,7
中央|学校|江苏省委党校|学员,副厅,138.63625,61.48507083786681,3,2.556347474107166,4
省级|党委|滨海新区工作委员会|副书记,正厅,137.5325,31.58653104964202,3,0.29305345174187464,4
省级|政府_国务院|政府/国务院（综合）|副秘书长（正厅级）,正厅,136.33625,11.60056834545187,3,0.2730803128963193,3
省级|党委|组织部 （党委）|副部长,正厅,134.98,5.9058953597232025,3,0.2504357406419536,34
省级|政府_国务院|食品药品监督管理局/食品安全委员会|局长,正厅,134.32,11.34625929546824,3,0.2394160778306127,4
中央|学校|华南理工大学|学员,正厅,133.87875,15.558086271694854,3,0.23204876538287914,3
省级|政府_国务院|商务部/厅/局|厅长,正厅,133.5725,29.394297810119614,3,0.22693547487382879,4
地级市|党委|经济技术开发区管委会|书记,副部,132.85875,15.584408825409447,3,-1.796215864957507,8
省级|政府_国务院|财政部/厅/局|厅长,正厅,132.69375,12.32913058319605,3,0.21226346169888055,12
中央|学校|斯坦福大学|学员,正厅,132.45875,12.183217901584943,3,0.2083397938796912,5
省级|地方企业|社科联|党组书记,正厅,130.875,18.592320323187206,3,0.18189677724717404,3
省级|行业协会_人民团体|妇女联合会|主席,正厅,130.55375,7.384078204996227,3,0.17653303985604799,4
中央|学校|中央党校|学员,正厅,130.2275,6.030401624270149,3,0.1710858201708962,412
省级|政府_国务院|经济委员会|主任,正厅,129.77375,12.924688040239122,3,0.16350980198809956,3
中央|学校|国防大学|学员,副部,129.01875,13.843984196664644,3,-1.8452434754109748,4
中央|学校|重庆市委党校|学员,正厅,125.45875,12.540566113118654,3,0.09146458224425659,3
中央|共青团|青年联合会|副主席,副部,124.39625,14.378342600505112,3,-1.9042617382550262,6
副省级市|党委|直属机关工作委员会|书记,正厅,124.09375,23.691506092637926,3,0.06867391597534697,3
省级|政府_国务院|卫生部/厅/局|厅长,正厅,123.40625,24.060106212099313,3,0.05719510054686681,5
中央|学校|中国浦东干部学院|学员,正厅,122.79125,5.394457659255472,3,0.04692677838175373,4
省级|党委|党委政策研究室|主任,正厅,121.35,20.36866465922592,3,0.02286300712895786,15
中央|行业协会_人民团体|煤炭工业协会|副会长,正厅,120.195,34.425854746106175,3,0.0035785972091111665,3
省级|军队|省级军区|政委,副部,120.035,26.85304964059018,3,-1.9599444637993462,5
省级|党委|老干部局|局长,正厅,119.6375,16.417402162035295,3,-0.005729678574710768,3
副省级市|党委|党委常委会/政治局 |市委常委,正厅,118.90625,52.37279791015084,3,-0.017938964075912445,3
中央|党委|国家机关工作委员会|副书记,副部,117.995,33.4206519236235,3,-1.985990381852751,4
中央|军队|国防大学|学员,副部,117.11875,22.619452876617054,3,-1.9971779973891706,3
中央|学校|华中科技大学|学员,正厅,116.4875,13.79954143259839,3,-0.058323523810656336,8
省级|政府_国务院|工商行政管理局|局长,正厅,116.38125,39.637998163851556,3,-0.06009752255869423,7
地级市|政府_国务院|政府/国务院（综合）|市长,正厅,114.74,2.8477886157508276,3,-0.08750058557250232,388
副省级市|政府_国务院|政府/国务院（综合）|副市长,正厅,111.51375,6.876940521590984,2,-0.14136753579233366,24
省级|政府_国务院|监察部/厅/局|厅长,正厅,111.3525,17.356864456174097,2,-0.14405983977464984,10
地级市|政府_国务院|政府/国务院（综合）|区长,正厅,111.21125,16.325643124774565,2,-0.14641821458086485,40
省级|党委|党委常委会/政治局 |正厅级副秘书长,正厅,105.65,14.547336525976156,2,-0.23927139611051623,4
省级|政府_国务院|经济贸易委员会|主任,正厅,103.4325,8.944715968100942,2,-0.27629579351074135,17
地级市|政府_国务院|政府/国务院（综合）|常务副州长,副厅,102.615,37.91792814751349,2,1.5046001091349879,3
中央|共青团|共青团委|书记处书记,副部,102.105,17.973145940541407,2,-2.188867655317753,4
地级市|政府_国务院|政府/国务院（综合）|盟长,正厅,100.5975,11.209281589379392,2,-0.3236302542230924,7
地级市|政府_国务院|政府/国务院（综合）|行署专员,正厅,98.26375,11.156127730422416,2,-0.3625956149594059,14
省级|政府_国务院|政府/国务院（综合）|副秘书长,正厅,98.1325,9.624185355135255,2,-0.36478702517757045,51
副省级市|政府_国务院|政府/国务院（综合）|常务副市长,正厅,98.1125,16.60865267714392,2,-0.3651209543536716,10
中央|法院_检察院|人民检察院|副检察长,副部,97.65375,36.87084025266443,2,-2.2456994654820766,3
省级|政府_国务院|旅游局|局长,正厅,96.9675,13.479389591149895,2,-0.3842383996854676,4
中央|学校|北京大学|学员,正厅,96.755,24.134880878098397,2,-0.3877863971815434,7
中央|学校|国家行政学院|主任,正厅,95.83,20.54625513323535,2,-0.40323062157622575,4
地级市|政府_国务院|政府/国务院（综合）|常务副专员,副厅,95.67875,20.834119814321415,2,1.3020756920120877,4
副省级市|党委|经济技术开发区管委会|书记,正厅,95.535,10.069944140857983,2,-0.4081560769237191,4
中央|学校|北京师范大学|学员,正厅,95.3275,27.71408024362347,2,-0.41162059212576935,4
中央|学校|清华大学、哈佛大学公共管理高级培训班|学员,正厅,94.5,11.978209382040372,2,-0.42543691178695825,3
省级|政府_国务院|科学技术部/厅/局（科学技术委员会）|厅长,正厅,94.27,48.518523266892636,2,-0.42927709731212255,5
副省级市|党委|党委常委会/政治局 |副书记,正厅,92.79375,18.540124350648277,2,-0.4539252446230953,30
其他|党委|党委常委会/政治局 |书记,正厅,91.6325,9.972960631126547,2,-0.4733140074104738,4
地级市|政府_国务院|政府/国务院（综合）|州长,正厅,90.9575,11.089327921474773,2,-0.48458411710389065,19
省级|党委|党委常委会/政治局 |副秘书长,正厅,87.0925,8.873778437058254,2,-0.5491159303854554,53
省级|政府_国务院|外经贸部/厅/局|厅长,正厅,86.1025,37.33332283295985,2,-0.5656454246024667,5
中央|学校|中国政法大学|学员,副厅,85.1725,49.842730099283294,2,0.9953145231676155,3
中央|学校|浙江省委党校|学员,副厅,84.29875,28.60750772852294,2,0.9698027971685332,3
地级市|党委|党委常委会/政治局 |副书记（正厅级）,正厅,83.45375,25.704286820246573,2,-0.609870169862375,23
其他|政府_国务院|政府/国务院（综合）|市长,副厅,81.67,12.563482797377496,2,0.8930486343987623,4
省级|政府_国务院|司法部/厅/局|厅长,正厅,81.4625,18.155952019929966,2,-0.6431169934579547,3
中央|党委|组织部 （党委）|副局长,副厅,80.7075,8.529181892186376,2,0.8649455885914755,3
省级|政府_国务院|教育部/厅/局|厅长,正厅,78.655,28.482072870491713,1,-0.6899923015531665,7
中央|政府_国务院|新闻出版署/版权局|主任,正厅,78.64125,51.754058279882756,1,-0.6902218778617362,3
中央|政府_国务院|新华通讯社|党组成员,正厅,78.13625,21.733618795255897,1,-0.6986535895582924,3
中央|学校|中央党校|主任,正厅,77.215,28.902703593262714,1,-0.7140352022324558,3
中央|学校|四川大学|学员,副厅,77.2075,23.667476497294768,1,0.7627526947467971,5
省级|党委|纪律检查委员会|纪委副书记,正厅,76.915,10.260374018523894,1,-0.7190441398739744,15
地级市|党委|党委常委会/政治局 |常务副书记,正厅,74.07625,26.910507909318596,1,-0.7664412123068444,3
省级|政府_国务院|政府/国务院办公厅|党组成员,副厅,73.98625,31.143475415205355,1,0.6686987349476056,5
中央|学校|天津大学|学员,正厅,73.965,33.08857468976261,1,-0.7682986933489074,3
地级市|党委|党委常委会/政治局 |副书记,副厅,73.41875,9.147453112068948,1,0.6521288871599328,146
副省级市|党委|经济技术开发区管委会|主任,正厅,73.10875,16.491874467067102,1,-0.7825950362007419,4
中央|中央企业|中国长江三峡总公司|副主任,正厅,69.945,28.07729465244117,1,-0.8354184577452571,3
省级|法院_检察院|人民法院|副院长,正厅,69.42375,41.53178524862011,1,-0.8441214868973956,3
副省级市|党委|党委常委会/政治局 |区委书记,副厅,67.77,14.803280041936652,1,0.48719685598703905,4
省级|党委|统战部（党委）|副部长,正厅,67.22,23.73302761975393,1,-0.8809163079890511,3
地级市|党委|纪律检查委员会|纪委书记,副厅,66.97875,12.757578078832216,1,0.46409396248572454,12
省级|政府_国务院|水利部/厅/局|厅长,正厅,66.81375,20.184562441071154,1,-0.8876992443786076,4
副省级市|行业协会_人民团体|总工会|主席,正厅,65.24125,19.349303564663508,1,-0.9139544258495678,5
省级|共青团|青年联合会|副主席,正厅,64.845,42.838778869150765,1,-0.9205703976510735,3
地级市|党委|党委常委会/政治局 |市委副书记,副厅,64.14625,25.793988852783112,1,0.38139071339570946,27
地级市|政府_国务院|政府/国务院（综合）|常务副市长,副厅,63.96125,9.3897416597849,1,0.3759890890067766,22
副省级市|党委|宣传部（党委）|部长,正厅,61.08875,22.268831883093906,1,-0.9832864710375879,3
中央|政府_国务院|教育部/厅/局|司长,正厅,60.38875,34.17707745605964,1,-0.9949739922011313,3
地级市|党委|党委常委会/政治局 |正厅级副书记,正厅,58.10125,28.603950748760195,1,-1.0331671417177106,3
省级|政府_国务院|经济体制改革委员会|主任,正厅,57.73,27.163847297465058,1,-1.03936570204909,3
中央|学校|四川省委党校|学员,副厅,57.05125,38.43668330433181,1,0.17423111858771145,4
副省级市|党委|党委常委会/政治局 |秘书长,正厅,55.41875,18.62769170985768,1,-1.0779553924622896,3
省级|党委|宣传部（党委）|副部长,正厅,53.585,35.482534788258846,1,-1.1085725237960724,6
省级|政府_国务院|农业部/厅/局|厅长,正厅,52.48625,15.72799449826646,1,-1.1269177579081342,4
地级市|党委|政法委|政法委书记,副厅,51.86625,13.121579971081976,1,0.022839645849237727,10
省级|政府_国务院|水利部/厅/局|副厅长,副厅,51.43375,16.92632892677854,1,0.010211523967002534,3
省级|政府_国务院|发展改革/计划委员会|副主任,副厅,50.395,17.536789187305654,1,-0.020117867027614547,9
省级|党委|企业工作委员会|副书记,正厅,50.14125,36.47288442716725,1,-1.1660709538060048,4
省级|政府_国务院|信访局|局长,正厅,48.69875,19.144920956679346,1,-1.1901555956323067,3
地级市|党委|组织部 （党委）|部长,副厅,47.83,13.014361298196697,1,-0.09501065923092905,11
地级市|党委|党委常委会/政治局 |秘书长,副厅,47.2575,16.29696885159936,1,-0.1117264968669514,11
中央|学校|南洋理工大学|学员,副厅,44.80125,19.581732518791586,0,-0.18344400986866316,3
省级|政府_国务院|物价局（国家/地方）|局长,正厅,44.6775,21.174300313115424,0,-1.2572962306021627,3
省级|政府_国务院|民政部/厅/局|厅长,正厅,43.25875,17.999702731920333,0,-1.280984331531844,5
中央|学校|湖北省委党校|学员,副厅,42.875,21.200574874281124,0,-0.2396865989453238,3
中央|学校|东北大学|学员,副厅,42.48125,28.254285488001607,0,-0.25118329950285007,3
中央|共青团|共青团委|书记,正厅,41.97375,25.969608409398454,0,-1.3024392810963488,4
省级|行业协会_人民团体|科学技术协会|副主席,副厅,41.85375,16.257301772972667,0,-0.26950502547071753,4
省级|共青团|共青团委|团省委书记,正厅,41.1475,10.412168061935999,0,-1.3162347301840316,3
省级|党委|党委办公厅 /室|副主任,副厅,40.66875,25.581517223133996,0,-0.30410461952955853,6
地级市|党委|组织部 （党委）|组织部长,副厅,38.955,22.08513017847075,0,-0.35414264005136376,4
地级市|政府_国务院|政府/国务院（综合）|副市长（正厅级）,正厅,38.83125,31.466097206954277,0,-1.3549079028912565,3
中央|学校|国家行政学院|学员,副厅,38.7225,13.490107254947976,0,-0.36093116799961744,12
省级|政府_国务院|招商局|局长,正厅,38.71375,19.05719840211303,0,-1.3568697368008515,3
地级市|政府_国务院|政府/国务院（综合）|副区长,副厅,37.06625,15.918522573954542,0,-0.4092903052654028,9
省级|政府_国务院|劳动和社会保障部/厅/局|厅长,正厅,36.22625,21.206545238145225,0,-1.398402178078443,4
副省级市|政府_国务院|政府/国务院（综合）|区长,副厅,36.19125,15.021640171349466,0,-0.4348385287265724,9
中央|政府_国务院|水利部/厅/局|副部长,副部,35.85375,27.346386615739547,0,-3.03473757121758,4
中央|政府_国务院|发展改革/计划委员会|司长,正厅,34.8925,25.438621105515924,0,-1.4206710800096947,3
省级|政府_国务院|计划生育委员会|主任,正厅,34.1025,19.852317087685257,0,-1.4338612824656936,4
中央|中央企业|中国航天科技集团公司|副总经理,正厅,33.1675,20.578616176750085,0,-1.4494724714484266,3
省级|党委|纪律检查委员会|秘书长,副厅,32.40875,18.458241341945346,0,-0.5452798490029999,3
地级市|政府_国务院|政府/国务院（综合）|副州长,副厅,32.265,21.14674383918242,0,-0.5494770571430491,4
中央|学校|吉林大学|学员,副厅,31.3125,11.660074774631594,0,-0.5772881232536367,5
副省级市|党委|党委常委会/政治局 |常委,正厅,30.155,15.534670096271743,0,-1.499770553598676,11
省级|共青团|青年联合会|主席,正厅,29.155,10.138095235299382,0,-1.5164670124037383,9
中央|政府_国务院|技术监督局(质量技术监督局)|司长,正厅,28.77125,24.066863597849647,0,-1.522874278470181,4
省级|党委|党委政策研究室|副主任,副厅,28.665,22.730382200922175,0,-0.6545897479547184,3
地级市|政府_国务院|政府/国务院（综合）|副专员,副厅,27.77625,15.964059193623042,0,-0.6805394434988492,6
省级|党委|纪律检查委员会|常委,副厅,27.06875,22.082153958287194,0,-0.7011970070403092,3
地级市|政府_国务院|政府/国务院（综合）|副市长,副厅,24.45625,9.872466051473657,0,-0.7774767028029442,53
地级市|党委|党委常委会/政治局 |市委常委,副厅,24.08625,21.493401567399665,0,-0.7882799515808102,4
地级市|政府_国务院|政府/国务院（综合）|市委常委,副厅,23.9825,17.103426374560183,0,-0.7913092409340632,3
省级|政府_国务院|政府/国务院办公厅|副主任,副厅,23.7875,15.226205822528451,0,-0.7970028450196953,5
地级市|中央企业|中国石油天然气集团公司|董事,副厅,22.8825,22.114332315265614,0,-0.8234270075709622,3
省级|政府_国务院|经济体制改革与对外开放委员会办公室|主任,正厅,20.015,14.350340588292696,0,-1.6690726458820053,3
地级市|党委|党委常委会/政治局 |常委,副厅,19.8025,13.951290038917572,0,-0.9133567541542793,24
中央|政府_国务院|侨务办公室|司长,正厅,19.18875,16.10522037842077,0,-1.682868094969688,4
省级|政府_国务院|商务部/厅/局|副厅长,副厅,18.92,17.48288019749605,0,-0.9391239623879731,4
省级|政府_国务院|财政部/厅/局|党组书记,正厅,16.78,13.69421775787138,0,-1.7230856901163811,3
省级|政府_国务院|科学技术部/厅/局（科学技术委员会）|副厅长,副厅,15.94375,10.752701332107216,0,-1.0260244196180373,3
地级市|党委|党委常委会/政治局 |县委书记,正处,15.155,8.951730279672196,0,0.7071067811865475,3
地级市|党委|宣传部（党委）|部长,副厅,14.46625,11.12581956250864,0,-1.0691644198053265,3
省级|共青团|共青团委|书记,正厅,14.045,7.661134054433462,0,-1.768750504948226,18
省级|政府_国务院|经济贸易委员会|副主任,副厅,12.1575,7.229294139125896,0,-1.136575232280727,9
地级市|党委|党委常委会/政治局 |党委书记,正处,7.29375,6.570194893418311,0,-0.7071067811865476,3
省级|共青团|共青团委|副书记,副厅,5.51,5.5845680226853815,0,-1.3306687356614413,7
